지역,구시군,선거년도,선거종류,득표_1위_정당,득표_2위_정당,득표_1위_후보번호,득표_1위_득표율,득표_2위_후보번호,득표_2위_득표율,보수정당_후보자수,진보정당_후보자수,그외정당_후보자수,무소속_후보자수,선거인수,투표수,보수정당,진보정당,그외정당,무소속,득표수_계,무효투표수,기권수
전국,합계,2007,대통령,보수정당,진보정당,2,0.4867000128743296,1,0.26149631048817423,1,1,7,1,37653518,23732854,11492389,6174681,2385847,3559963,23612880,119974,13920664
서울,합계,2007,대통령,보수정당,진보정당,2,0.5323630089189683,1,0.24504485813647744,1,1,7,1,8051696,5066022,2689162,1237812,528169,596226,5051369,14653,2985674
서울,종로구,2007,대통령,보수정당,진보정당,2,0.5304555115844851,1,0.2526509858261799,1,1,7,1,133946,85480,45172,21515,8486,9984,85157,323,48466
서울,중구,2007,대통령,보수정당,진보정당,2,0.5330768650524251,1,0.2609791053782907,1,1,7,1,106837,66496,35335,17299,6373,7278,66285,211,40341
서울,용산구,2007,대통령,보수정당,진보정당,2,0.5663559089662736,1,0.222503084727173,1,1,7,1,190910,117051,66096,25967,11087,13554,116704,347,73859
서울,성동구,2007,대통령,보수정당,진보정당,2,0.537271619237043,1,0.2540885689856953,1,1,7,1,266124,165391,88602,41902,17018,17389,164911,480,100733
서울,광진구,2007,대통령,보수정당,진보정당,2,0.5184165081863291,1,0.2546451133407655,1,1,7,1,297332,183412,94864,46597,20252,21275,182988,424,113920
서울,동대문구,2007,대통령,보수정당,진보정당,2,0.5306031053577168,1,0.2585023261205157,1,1,7,1,304410,190407,100709,49064,19097,20931,189801,606,114003
서울,중랑구,2007,대통령,보수정당,진보정당,2,0.5189862842708942,1,0.2657883227103185,1,1,7,1,337898,204119,105608,54085,20293,23503,203489,630,133779
서울,성북구,2007,대통령,보수정당,진보정당,2,0.5252193636960545,1,0.2591859880106761,1,1,7,1,373761,235180,123186,60790,24994,25572,234542,638,138581
서울,강북구,2007,대통령,보수정당,진보정당,2,0.5115681387222574,1,0.28198828875028326,1,1,7,1,277954,168236,85791,47290,17248,17373,167702,534,109718
서울,도봉구,2007,대통령,보수정당,진보정당,2,0.5312494999333245,1,0.24811308174423258,1,1,7,1,293138,188015,99596,46515,19786,21578,187475,540,105123
서울,노원구,2007,대통령,보수정당,진보정당,2,0.5152052620383853,1,0.248772027422812,1,1,7,1,466884,306503,157439,76021,34518,37607,305585,918,160381
서울,은평구,2007,대통령,보수정당,진보정당,2,0.4982484890052983,1,0.2757720688083741,1,1,7,1,362685,218004,108240,59909,22716,26376,217241,763,144681
서울,서대문구,2007,대통령,보수정당,진보정당,2,0.5043764998359892,1,0.2677232417750001,1,1,7,1,278848,174263,87645,46522,19054,20548,173769,494,104585
서울,마포구,2007,대통령,보수정당,진보정당,2,0.5007175372270658,1,0.25380243293984517,1,1,7,1,315333,194947,97347,49343,23789,23936,194415,532,120386
서울,양천구,2007,대통령,보수정당,진보정당,2,0.5306411133926534,1,0.24738555991122727,1,1,7,1,378841,241697,127919,59636,24299,29211,241065,632,137144
서울,강서구,2007,대통령,보수정당,진보정당,2,0.5123460206080594,1,0.2526055213071693,1,1,7,1,436622,272240,138876,68471,30011,33701,271059,1181,164382
서울,구로구,2007,대통령,보수정당,진보정당,2,0.48823833435278835,1,0.264029360303845,1,1,7,1,333323,211497,102968,55683,24144,28102,210897,600,121826
서울,금천구,2007,대통령,보수정당,진보정당,2,0.4724872102250663,1,0.29518631705134485,1,1,7,1,196513,118869,55968,34966,12380,15140,118454,415,77644
서울,영등포구,2007,대통령,보수정당,진보정당,2,0.518856118926236,1,0.24837002303148936,1,1,7,1,325884,206002,106558,51008,21676,26129,205371,631,119882
서울,동작구,2007,대통령,보수정당,진보정당,2,0.5066491521375687,1,0.25609266778122763,1,1,7,1,326851,209902,106067,53613,24259,25411,209350,552,116949
서울,관악구,2007,대통령,보수정당,진보정당,2,0.4535153328347046,1,0.29096484667165295,1,1,7,1,439707,268101,121270,77804,35384,32942,267400,701,171606
서울,서초구,2007,대통령,보수정당,진보정당,2,0.6440973205687418,1,0.16103023093336355,1,1,7,1,320018,212282,136443,34112,17746,23535,211836,446,107736
서울,강남구,2007,대통령,보수정당,진보정당,2,0.6644233559079747,1,0.14681655096278368,1,1,7,1,442286,283231,187778,41493,22324,31023,282618,613,159055
서울,송파구,2007,대통령,보수정당,진보정당,2,0.5777000565858587,1,0.21322638499483695,1,1,7,1,483567,313620,180704,66697,28962,36436,312799,821,169947
서울,강동구,2007,대통령,보수정당,진보정당,2,0.5596773353698754,1,0.22351338216405733,1,1,7,1,362024,231077,128981,51510,22273,27692,230456,621,130947
부산,합계,2007,대통령,보수정당,무소속,2,0.5790614420219502,11,0.19685582281560574,1,1,7,1,2843063,1765231,1018715,236708,157510,346319,1759252,5979,1077832
부산,중구,2007,대통령,보수정당,무소속,2,0.6154571159283695,11,0.1829249136035187,1,1,7,1,42111,25584,15672,3226,1908,4658,25464,120,16527
부산,서구,2007,대통령,보수정당,무소속,2,0.6094447008152591,11,0.1840793724042455,1,1,7,1,109489,65288,39620,8314,5109,11967,65010,278,44201
부산,동구,2007,대통령,보수정당,무소속,2,0.5893899401464738,11,0.20571396706197256,1,1,7,1,87511,54017,31708,6780,4243,11067,53798,219,33494
부산,영도구,2007,대통령,보수정당,무소속,2,0.5550673074370072,11,0.18329660409420387,1,1,7,1,127967,75664,41811,13008,6700,13807,75326,338,52303
부산,부산진구,2007,대통령,보수정당,무소속,2,0.5767478609612298,11,0.20296239992398973,1,1,7,1,324855,200613,115334,26287,17765,40587,199973,640,124242
부산,동래구,2007,대통령,보수정당,무소속,2,0.5973905519986157,11,0.19712753071465652,1,1,7,1,225283,144883,86308,16957,12730,28480,144475,408,80400
부산,남구,2007,대통령,보수정당,무소속,2,0.5836934756373002,11,0.1954814220508222,1,1,7,1,237462,148749,86574,19494,13259,28994,148321,428,88713
부산,북구,2007,대통령,보수정당,무소속,2,0.5456532312980317,11,0.21084341256201564,1,1,7,1,247521,154739,84137,22441,15106,32511,154195,544,92782
부산,해운대구,2007,대통령,보수정당,무소속,2,0.586057506849586,11,0.19065587877469065,1,1,7,1,322575,202750,118502,26921,18228,38551,202202,548,119825
부산,기장군,2007,대통령,보수정당,무소속,2,0.5910304601425794,11,0.19476344782890473,1,1,7,1,62272,38759,22799,4951,3312,7513,38575,184,23513
부산,사하구,2007,대통령,보수정당,무소속,2,0.5793054105724909,11,0.18603901054434135,1,1,7,1,283276,171149,98782,24215,15798,31723,170518,631,112127
부산,금정구,2007,대통령,보수정당,무소속,2,0.5899368382509993,11,0.1955191773716169,1,1,7,1,206527,131508,77336,15925,12200,25631,131092,416,75019
부산,강서구,2007,대통령,보수정당,무소속,2,0.5720070768625909,11,0.2058973854924317,1,1,7,1,43825,25623,14549,3700,1949,5237,25435,188,18202
부산,연제구,2007,대통령,보수정당,무소속,2,0.5836417468541821,11,0.2006661732050333,1,1,7,1,169739,108433,63080,13445,9867,21688,108080,353,61306
부산,수영구,2007,대통령,보수정당,무소속,2,0.6028939613845274,11,0.1932312970048819,1,1,7,1,144300,91170,54832,10807,7735,17574,90948,222,53130
부산,사상구,2007,대통령,보수정당,무소속,2,0.537754291163382,11,0.2092418944691672,1,1,7,1,208350,126302,67671,20237,11601,26331,125840,462,82048
대구,합계,2007,대통령,보수정당,무소속,2,0.6937835429595197,11,0.18058318653960898,1,1,7,1,1896866,1267969,876719,75932,82828,228199,1263678,4291,628897
대구,중구,2007,대통령,보수정당,무소속,2,0.7131772204517113,11,0.17248625929518266,1,1,7,1,66234,43459,30882,2502,2449,7469,43302,157,22775
대구,동구,2007,대통령,보수정당,무소속,2,0.6844329521119059,11,0.1848088577026473,1,1,7,1,265762,176279,120170,11357,11601,32448,175576,703,89483
대구,서구,2007,대통령,보수정당,무소속,2,0.7011285098995025,11,0.18846616139694836,1,1,7,1,190185,120295,83998,6600,6627,22579,119804,491,69890
대구,남구,2007,대통령,보수정당,무소속,2,0.6911337524387601,11,0.18854324734446132,1,1,7,1,146210,92611,63764,5457,5644,17395,92260,351,53599
대구,북구,2007,대통령,보수정당,무소속,2,0.6856867933605966,11,0.18138080346403657,1,1,7,1,341870,229360,156772,14386,16007,41470,228635,725,112510
대구,수성구,2007,대통령,보수정당,무소속,2,0.71571416144746,11,0.16704940848990954,1,1,7,1,330137,230474,164557,12665,14290,38408,229920,554,99663
대구,달서구,2007,대통령,보수정당,무소속,2,0.6881062906944854,11,0.1843089852069303,1,1,7,1,437650,296170,203226,17634,20047,54434,295341,829,141480
대구,달성군,2007,대통령,보수정당,무소속,2,0.6766869609335363,11,0.17752409944190767,1,1,7,1,118818,79321,53350,5331,6163,13996,78840,481,39497
인천,합계,2007,대통령,보수정당,진보정당,2,0.4922052138909883,1,0.23774284299174436,1,1,7,1,2005874,1210220,593283,286565,142452,183057,1205357,4863,795654
인천,중구,2007,대통령,보수정당,진보정당,2,0.5179330564378206,1,0.213901783532861,1,1,7,1,71324,41139,21199,8755,4629,6347,40930,209,30185
인천,동구,2007,대통령,보수정당,진보정당,2,0.47864985766571777,1,0.22407482716551444,1,1,7,1,59570,37098,17655,8265,4622,6343,36885,213,22472
인천,남구,2007,대통령,보수정당,진보정당,2,0.5029036432306188,1,0.21917246167927368,1,1,7,1,326395,190852,95605,41666,21929,30906,190106,746,135543
인천,연수구,2007,대통령,보수정당,진보정당,2,0.5284011639494559,1,0.2006616972934189,1,1,7,1,195285,125814,66280,25170,14904,19081,125435,379,69471
인천,남동구,2007,대통령,보수정당,진보정당,2,0.4873352644902007,1,0.23885278843393618,1,1,7,1,317999,192315,93371,45763,22899,29562,191595,720,125684
인천,부평구,2007,대통령,보수정당,진보정당,2,0.4751304631441618,1,0.2555019724784891,1,1,7,1,430072,258527,122367,65803,31302,38072,257544,983,171545
인천,계양구,2007,대통령,보수정당,진보정당,2,0.45820808226444865,1,0.27038588664154845,1,1,7,1,248876,147573,67374,39757,17965,21942,147038,535,101303
인천,서구,2007,대통령,보수정당,진보정당,2,0.48219533021228983,1,0.2553072461207785,1,1,7,1,286985,170454,81884,43355,20114,24462,169815,639,116531
인천,강화군,2007,대통령,보수정당,진보정당,2,0.605159274083009,1,0.16903338998848622,1,1,7,1,55196,36766,22075,6166,3262,4975,36478,288,18430
인천,옹진군,2007,대통령,보수정당,진보정당,2,0.5742314552512853,1,0.19567726366593222,1,1,7,1,14172,9682,5473,1865,826,1367,9531,151,4490
광주,합계,2007,대통령,진보정당,보수정당,1,0.7975004232471522,2,0.08597207778073379,1,1,7,1,1031333,663338,56875,527588,54569,22520,661552,1786,367995
광주,동구,2007,대통령,진보정당,보수정당,1,0.7815100320593639,2,0.09815928821007888,1,1,7,1,90124,55737,5450,43391,4475,2206,55522,215,34387
광주,서구,2007,대통령,진보정당,보수정당,1,0.7938618040898239,2,0.08998996574512992,1,1,7,1,222662,144859,13004,114717,11791,4993,144505,354,77803
광주,남구,2007,대통령,진보정당,보수정당,1,0.7909485944012533,2,0.09475105185885876,1,1,7,1,158988,101716,9616,80271,7991,3609,101487,229,57272
광주,북구,2007,대통령,진보정당,보수정당,1,0.8007652053936541,2,0.08301525418344052,1,1,7,1,344625,220888,18291,176435,18105,7502,220333,555,123737
광주,광산구,2007,대통령,진보정당,보수정당,1,0.8072295193443327,2,0.07525858058050892,1,1,7,1,214934,140138,10514,112774,12207,4210,139705,433,74796
대전,합계,2007,대통령,보수정당,무소속,2,0.36287148866874747,11,0.28904429248260927,1,1,7,1,1098977,680264,246008,159700,76283,195957,677948,2316,418713
대전,동구,2007,대통령,보수정당,무소속,2,0.33548347081808594,11,0.30098971300980853,1,1,7,1,191518,113405,37863,29102,11926,33970,112861,544,78113
대전,중구,2007,대통령,보수정당,무소속,2,0.3662968386870841,11,0.30176530514787814,1,1,7,1,204994,126057,46023,28964,12742,37915,125644,413,78937
대전,서구,2007,대통령,보수정당,무소속,2,0.373967840069535,11,0.29344632768361584,1,1,7,1,368547,230752,86050,51476,25052,67522,230100,652,137795
대전,유성구,2007,대통령,보수정당,무소속,2,0.37818140258644184,11,0.25472320149102834,1,1,7,1,176526,114086,43017,26382,15374,28974,113747,339,62440
대전,대덕구,2007,대통령,보수정당,무소속,2,0.34577806602786726,11,0.2884639524666304,1,1,7,1,157392,95964,33055,23776,11189,27576,95596,368,61428
울산,합계,2007,대통령,보수정당,무소속,2,0.5397195450706344,11,0.1752939724558704,1,1,7,1,806423,521216,279891,70736,77054,90905,518586,2630,285207
울산,중구,2007,대통령,보수정당,무소속,2,0.5612519901448915,11,0.18168799864803564,1,1,7,1,177386,112934,63101,13670,15231,20427,112429,505,64452
울산,남구,2007,대통령,보수정당,무소속,2,0.569941848313847,11,0.18591327653401196,1,1,7,1,252020,163310,92717,19581,20136,30244,162678,632,88710
울산,동구,2007,대통령,보수정당,진보정당,2,0.495212085199744,1,0.18430615229911326,1,1,7,1,136997,87909,43337,16129,15425,12621,87512,397,49088
울산,북구,2007,대통령,보수정당,그외정당,2,0.4716351658915167,3,0.1667679780601931,1,1,7,1,106264,71100,33363,10201,16249,10926,70739,361,35164
울산,울주군,2007,대통령,보수정당,무소속,2,0.5558384568451683,11,0.19579246257098606,1,1,7,1,133756,85963,47373,11155,10013,16687,85228,735,47793
경기,합계,2007,대통령,보수정당,진보정당,2,0.5188821636355193,1,0.2355670967095155,1,1,7,1,8222124,5035641,2603443,1181936,561286,670742,5017407,18234,3186483
경기,수원시장안구,2007,대통령,보수정당,진보정당,2,0.48597150074583795,1,0.2296806014676891,1,1,7,1,210171,133783,64832,30641,16758,21176,133407,376,76388
경기,수원시권선구,2007,대통령,보수정당,진보정당,2,0.4848394812294802,1,0.2343158082391217,1,1,7,1,227968,135070,65272,31545,16025,21784,134626,444,92898
경기,수원시팔달구,2007,대통령,보수정당,진보정당,2,0.5064846416382253,1,0.21982624883648774,1,1,7,1,169529,97064,48972,21255,11132,15331,96690,374,72465
경기,수원시영통구,2007,대통령,보수정당,진보정당,2,0.5054610612377205,1,0.21223853987520147,1,1,7,1,175615,111290,56136,23571,14353,16999,111059,231,64325
경기,성남시수정구,2007,대통령,보수정당,진보정당,2,0.45588729207544504,1,0.3051121599406056,1,1,7,1,202875,113585,51580,34521,13026,14015,113142,443,89290
경기,성남시중원구,2007,대통령,보수정당,진보정당,2,0.4614367639977236,1,0.3049949656349866,1,1,7,1,205596,114597,52703,34835,12483,14194,114215,382,90999
경기,성남시분당구,2007,대통령,보수정당,진보정당,2,0.615400152404036,1,0.1686818887083299,1,1,7,1,321923,218340,134060,36746,21301,25735,217842,498,103583
경기,의정부시,2007,대통령,보수정당,진보정당,2,0.5262821787879105,1,0.24311407962646958,1,1,7,1,314746,191670,100542,46445,20249,23806,191042,628,123076
경기,안양시만안구,2007,대통령,보수정당,진보정당,2,0.4806674356502915,1,0.25337747088659596,1,1,7,1,205444,127123,60840,32071,14864,18799,126574,549,78321
경기,안양시동안구,2007,대통령,보수정당,진보정당,2,0.5131314621661806,1,0.22919906025491152,1,1,7,1,261803,176837,90423,40389,21151,24255,176218,619,84966
경기,부천시원미구,2007,대통령,보수정당,진보정당,2,0.47494411926510016,1,0.2673304620630523,1,1,7,1,333326,202315,95829,53939,23609,28392,201769,546,131011
경기,부천시소사구,2007,대통령,보수정당,진보정당,2,0.4736728203391106,1,0.2664897721071153,1,1,7,1,174754,106639,50341,28322,12612,15003,106278,361,68115
경기,부천시오정구,2007,대통령,보수정당,진보정당,2,0.4529759885408421,1,0.30434618719137546,1,1,7,1,140783,79906,36051,24222,8458,10856,79587,319,60877
경기,광명시,2007,대통령,보수정당,진보정당,2,0.4678716202656963,1,0.27918177318153237,1,1,7,1,236416,149929,69944,41736,17829,19985,149494,435,86487
경기,평택시,2007,대통령,보수정당,진보정당,2,0.5017070274999006,1,0.21086476138539056,1,1,7,1,296098,176789,88319,37120,23849,26749,176037,752,119309
경기,양주시,2007,대통령,보수정당,진보정당,2,0.5503550759432889,1,0.23261896939523363,1,1,7,1,133824,79527,43554,18409,7707,9468,79138,389,54297
경기,동두천시,2007,대통령,보수정당,진보정당,2,0.5554795961295751,1,0.22983277240218764,1,1,7,1,67629,38221,21126,8741,3426,4739,38032,189,29408
경기,안산시상록구,2007,대통령,보수정당,진보정당,2,0.46087962055583864,1,0.2821201311852404,1,1,7,1,266293,153609,70545,43183,18252,21086,153066,543,112684
경기,안산시단원구,2007,대통령,보수정당,진보정당,2,0.4554839960045917,1,0.28599221789883267,1,1,7,1,238970,134675,61105,38367,15613,19069,134154,521,104295
경기,고양시덕양구,2007,대통령,보수정당,진보정당,2,0.5206057709812488,1,0.2467629255415984,1,1,7,1,283032,176306,91510,43375,19120,21771,175776,530,106726
경기,고양시일산동구,2007,대통령,보수정당,진보정당,2,0.5502267691455477,1,0.2189360891843235,1,1,7,1,184138,115854,63571,25295,12837,13833,115536,318,68284
경기,고양시일산서구,2007,대통령,보수정당,진보정당,2,0.5507428269005405,1,0.22278758552905154,1,1,7,1,204400,132601,72844,29467,14337,15617,132265,336,71799
경기,과천시,2007,대통령,보수정당,진보정당,2,0.5697496327321602,1,0.19716813052855311,1,1,7,1,45430,32075,18228,6308,3721,3736,31993,82,13355
경기,의왕시,2007,대통령,보수정당,진보정당,2,0.5056120606644199,1,0.23576673086181993,1,1,7,1,101448,66677,33605,15670,7973,9216,66464,213,34771
경기,구리시,2007,대통령,보수정당,진보정당,2,0.542563245928303,1,0.22799305448710905,1,1,7,1,144987,91250,49370,20746,9668,11210,90994,256,53737
경기,남양주시,2007,대통령,보수정당,진보정당,2,0.5480409637452567,1,0.23096968865724865,1,1,7,1,361363,219433,119873,50520,22383,25954,218730,703,141930
경기,오산시,2007,대통령,보수정당,진보정당,2,0.4793004280363831,1,0.24026886035313003,1,1,7,1,103848,60027,28666,14370,7468,9304,59808,219,43821
경기,화성시,2007,대통령,보수정당,진보정당,2,0.5144164788537325,1,0.22013774347481208,1,1,7,1,265536,159514,81713,34968,19274,22891,158846,668,106022
경기,시흥시,2007,대통령,보수정당,진보정당,2,0.4615771384928717,1,0.2864816700610998,1,1,7,1,277333,157636,72523,45012,17572,22013,157120,516,119697
경기,군포시,2007,대통령,보수정당,진보정당,2,0.48108991989872424,1,0.243106995109527,1,1,7,1,203559,133078,63844,32262,17290,19311,132707,371,70481
경기,하남시,2007,대통령,보수정당,진보정당,2,0.5399546874043231,1,0.23459984079358276,1,1,7,1,106527,65545,35272,15325,6234,8493,65324,221,40982
경기,파주시,2007,대통령,보수정당,진보정당,2,0.5564814882204383,1,0.2189535586139637,1,1,7,1,228024,138055,76460,30084,14073,16782,137399,656,89969
경기,여주군,2007,대통령,보수정당,진보정당,2,0.5627882514766567,1,0.18638239339752408,1,1,7,1,82266,49800,27822,9214,5207,7193,49436,364,32466
경기,이천시,2007,대통령,보수정당,진보정당,2,0.5691691523140575,1,0.18350091407678246,1,1,7,1,144497,83665,47323,15257,9174,11390,83144,521,60832
경기,용인시처인구,2007,대통령,보수정당,진보정당,2,0.5336629244343736,1,0.2300271226010231,1,1,7,1,151077,87778,46632,20100,9020,11629,87381,397,63299
경기,용인시수지구,2007,대통령,보수정당,진보정당,2,0.6128300594855993,1,0.17608165361407113,1,1,7,1,211290,140500,85920,24687,13537,16058,140202,298,70790
경기,용인시기흥구,2007,대통령,보수정당,진보정당,2,0.5563442641681902,1,0.21020909506398539,1,1,7,1,217439,140377,77906,29436,15618,17072,140032,345,77062
경기,안성시,2007,대통령,보수정당,진보정당,2,0.5030820939188178,1,0.22155696770945313,1,1,7,1,124360,73933,36971,16282,8903,11333,73489,444,50427
경기,김포시,2007,대통령,보수정당,진보정당,2,0.5641410822145025,1,0.21220751311822572,1,1,7,1,153236,96255,54078,20342,9360,12079,95859,396,56981
경기,광주시,2007,대통령,보수정당,진보정당,2,0.5597014925373134,1,0.22937891189215215,1,1,7,1,171826,104240,58125,23821,9707,12197,103850,390,67586
경기,포천시,2007,대통령,보수정당,진보정당,2,0.5714609062230332,1,0.2117868409512088,1,1,7,1,120695,71154,40396,14971,7088,8234,70689,465,49541
경기,연천군,2007,대통령,보수정당,진보정당,2,0.5533590145197477,1,0.23032637683613427,1,1,7,1,36588,23834,13072,5441,2245,2865,23623,211,12754
경기,양평군,2007,대통령,보수정당,진보정당,2,0.6270039970132208,1,0.16389950366758904,1,1,7,1,70828,45899,28550,7463,4070,5451,45534,365,24929
경기,가평군,2007,대통령,보수정당,진보정당,2,0.5893674573449854,1,0.1894160077680677,1,1,7,1,44634,29186,16995,5462,2710,3669,28836,350,15448
강원,합계,2007,대통령,보수정당,진보정당,2,0.5196992963401672,1,0.18889762723858783,1,1,7,1,1164655,728895,376004,136668,83729,127102,723503,5392,435760
강원,춘천시,2007,대통령,보수정당,진보정당,2,0.528113941543451,1,0.18078554482494189,1,1,7,1,196492,125883,66113,22632,15744,20698,125187,696,70609
강원,원주시,2007,대통령,보수정당,진보정당,2,0.5095769075131514,1,0.1888029614975346,1,1,7,1,222473,134205,68001,25195,17208,23042,133446,759,88268
강원,강릉시,2007,대통령,보수정당,무소속,2,0.5540053359853881,11,0.18876765513086552,1,1,7,1,170634,105225,57934,15492,11407,19740,104573,652,65409
강원,동해시,2007,대통령,보수정당,무소속,2,0.5298309285651058,11,0.20585111091440206,1,1,7,1,74275,45514,23942,7256,4688,9302,45188,326,28761
강원,삼척시,2007,대통령,보수정당,무소속,2,0.5149562055858535,11,0.22368203602710296,1,1,7,1,56902,36635,18696,6030,3459,8121,36306,329,20267
강원,태백시,2007,대통령,보수정당,무소속,2,0.5054568003307152,11,0.21827201322860687,1,1,7,1,40897,24364,12227,4050,2633,5280,24190,174,16533
강원,정선군,2007,대통령,보수정당,진보정당,2,0.4544815959539196,1,0.22347101245668258,1,1,7,1,34720,21600,9705,4772,2342,4535,21354,246,13120
강원,속초시,2007,대통령,보수정당,진보정당,2,0.5643583192911887,1,0.17929553731586673,1,1,7,1,64461,36959,20765,6597,3879,5553,36794,165,27502
강원,고성군,2007,대통령,보수정당,진보정당,2,0.566727147594319,1,0.19101545391978977,1,1,7,1,24828,16112,9058,3053,1499,2373,15983,129,8716
강원,양양군,2007,대통령,보수정당,진보정당,2,0.5298371335504886,1,0.19446254071661237,1,1,7,1,23327,15507,8133,2985,1541,2691,15350,157,7820
강원,인제군,2007,대통령,보수정당,진보정당,2,0.46642246642246643,1,0.25598290598290596,1,1,7,1,25011,16576,7640,4193,1976,2571,16380,196,8435
강원,홍천군,2007,대통령,보수정당,진보정당,2,0.4885041158103889,1,0.24237865455577634,1,1,7,1,55527,35562,17210,8539,4178,5303,35230,332,19965
강원,횡성군,2007,대통령,보수정당,진보정당,2,0.4857689964313691,1,0.22491078422839236,1,1,7,1,35075,23250,11162,5168,2882,3766,22978,272,11825
강원,영월군,2007,대통령,보수정당,진보정당,2,0.4822980218154927,1,0.22749121833980404,1,1,7,1,32950,21913,10435,4922,2220,4059,21636,277,11037
강원,평창군,2007,대통령,보수정당,진보정당,2,0.4837383845604003,1,0.23221944245889922,1,1,7,1,35702,22624,10828,5198,2384,3974,22384,240,13078
강원,화천군,2007,대통령,보수정당,진보정당,2,0.4977363970274195,1,0.23473135730759376,1,1,7,1,18066,11854,5827,2748,1434,1698,11707,147,6212
강원,양구군,2007,대통령,보수정당,진보정당,2,0.4631340579710145,1,0.2530797101449275,1,1,7,1,16648,11163,5113,2794,1419,1714,11040,123,5485
강원,철원군,2007,대통령,보수정당,진보정당,2,0.5557892080582075,1,0.2121377802077638,1,1,7,1,36667,23949,13215,5044,2836,2682,23777,172,12718
충북,합계,2007,대통령,보수정당,진보정당,2,0.41588947501494045,1,0.2379513745230543,1,1,7,1,1146102,702593,289499,165637,78210,162750,696096,6497,443509
충북,청주시상당구,2007,대통령,보수정당,무소속,2,0.4141500287273772,11,0.25737036771042804,1,1,7,1,184975,111986,46133,24361,12229,28669,111392,594,72989
충북,청주시흥덕구,2007,대통령,보수정당,무소속,2,0.40197922481372717,11,0.25793024779749046,1,1,7,1,277547,165610,66251,36408,19643,42510,164812,798,111937
충북,충주시,2007,대통령,보수정당,진보정당,2,0.47974676810129274,1,0.21580039367984252,1,1,7,1,157206,94852,45089,20282,10031,18583,93985,867,62354
충북,제천시,2007,대통령,보수정당,무소속,2,0.4655631947178726,11,0.22838234848714298,1,1,7,1,105649,66705,30743,13123,7087,15081,66034,671,38944
충북,단양군,2007,대통령,보수정당,무소속,2,0.43922298476212634,11,0.23013842037920204,1,1,7,1,26564,17457,7552,3873,1812,3957,17194,263,9107
충북,청원군,2007,대통령,보수정당,진보정당,2,0.37764214197660784,1,0.2732042454673923,1,1,7,1,109982,67302,25120,18173,7547,15678,66518,784,42680
충북,영동군,2007,대통령,보수정당,진보정당,2,0.4272510435301133,1,0.2650939177101968,1,1,7,1,41056,27267,11464,7113,2753,5502,26832,435,13789
충북,보은군,2007,대통령,진보정당,보수정당,1,0.355965923583125,2,0.3509666887721267,1,1,7,1,29383,19907,6880,6978,2016,3729,19603,304,9476
충북,옥천군,2007,대통령,보수정당,진보정당,2,0.34018528229330536,1,0.32085299772767,1,1,7,1,44227,29097,9731,9178,3156,6540,28605,492,15130
충북,음성군,2007,대통령,보수정당,진보정당,2,0.4141917126089276,1,0.25939381621401897,1,1,7,1,68117,39820,16303,10210,4687,8161,39361,459,28297
충북,진천군,2007,대통령,보수정당,진보정당,2,0.39094366962506794,1,0.273464952001449,1,1,7,1,46260,27916,10792,7549,3402,5862,27605,311,18344
충북,괴산군,2007,대통령,보수정당,무소속,2,0.41240553538129354,11,0.23491019727156737,1,1,7,1,31545,20753,8404,4786,2401,4787,20378,375,10792
충북,증평군,2007,대통령,보수정당,무소속,2,0.3656093489148581,11,0.2679102852580388,1,1,7,1,23591,13921,5037,3603,1446,3691,13777,144,9670
충남,합계,2007,대통령,보수정당,무소속,2,0.3426447698264892,11,0.3323400746036341,1,1,7,1,1532751,924039,313693,192999,104554,304259,915505,8534,608712
충남,천안시,2007,대통령,보수정당,무소속,2,0.40498482917108025,11,0.2627919711305409,1,1,7,1,384145,223871,90229,47217,26801,58549,222796,1075,160274
충남,공주시,2007,대통령,무소속,보수정당,11,0.3951267315549945,2,0.28130086702322027,1,1,7,1,100441,60827,16936,13301,6180,23789,60206,621,39614
충남,보령시,2007,대통령,무소속,보수정당,11,0.3826207480701484,2,0.32013398271314997,1,1,7,1,85009,52590,16630,10172,5269,19876,51947,643,32419
충남,아산시,2007,대통령,보수정당,무소속,2,0.37759934996204547,11,0.2922711770177371,1,1,7,1,167540,94122,35318,18665,12213,27337,93533,589,73418
충남,서산시,2007,대통령,보수정당,무소속,2,0.383685184375774,11,0.2991535177819543,1,1,7,1,115264,69287,26335,14056,7713,20533,68637,650,45977
충남,태안군,2007,대통령,보수정당,무소속,2,0.3506547165013984,11,0.31261123824052883,1,1,7,1,51230,31923,11033,7355,3240,9836,31464,459,19307
충남,금산군,2007,대통령,보수정당,진보정당,2,0.3191677890409017,1,0.28578010916566243,1,1,7,1,46603,28558,9005,8063,3192,7954,28214,344,18045
충남,연기군,2007,대통령,무소속,보수정당,11,0.36584123596323154,2,0.28097790497441244,1,1,7,1,63317,42235,11585,10525,4037,15084,41231,1004,21082
충남,논산시,2007,대통령,보수정당,진보정당,2,0.28863918036850367,1,0.2860613071139387,1,1,7,1,102616,61078,17467,17311,11507,14230,60515,563,41538
충남,계룡시,2007,대통령,보수정당,무소속,2,0.4463597055042655,11,0.22630594834638307,1,1,7,1,25719,17187,7639,3808,1794,3873,17114,73,8532
충남,부여군,2007,대통령,무소속,보수정당,11,0.346207562022295,2,0.2992305934333816,1,1,7,1,63526,39879,11784,8562,5401,13634,39381,498,23647
충남,서천군,2007,대통령,무소속,보수정당,11,0.3216335330860205,2,0.31145565807413045,1,1,7,1,50538,31927,9823,8302,3270,10144,31539,388,18611
충남,홍성군,2007,대통령,무소속,보수정당,11,0.4602670202551324,2,0.29987197659000503,1,1,7,1,70470,44195,13117,6891,3601,20133,43742,453,26275
충남,청양군,2007,대통령,무소속,보수정당,11,0.4653652733466717,2,0.2663710593197426,1,1,7,1,27914,18733,4926,3172,1789,8606,18493,240,9181
충남,예산군,2007,대통령,무소속,보수정당,11,0.6694154792073449,2,0.19706285571849944,1,1,7,1,72086,48521,9487,4350,2078,32227,48142,379,23565
충남,당진군,2007,대통령,보수정당,무소속,2,0.3822137965192738,11,0.3151782206964868,1,1,7,1,106333,59106,22379,11249,6469,18454,58551,555,47227
전북,합계,2007,대통령,진보정당,보수정당,1,0.8160369236454961,2,0.09044970245219706,1,1,7,1,1425056,957575,86149,777236,54437,34630,952452,5123,467481
전북,전주시완산구,2007,대통령,진보정당,보수정당,1,0.8097843337546241,2,0.09556952163299226,1,1,7,1,255669,173723,16560,140317,10008,6392,173277,446,81946
전북,전주시덕진구,2007,대통령,진보정당,보수정당,1,0.8093328975560156,2,0.08936340196826088,1,1,7,1,203973,138028,12304,111433,8887,5061,137685,343,65945
전북,군산시,2007,대통령,진보정당,보수정당,1,0.7752403846153846,2,0.11488782051282051,1,1,7,1,198926,125277,14338,96750,8509,5203,124800,477,73649
전북,익산시,2007,대통령,진보정당,보수정당,1,0.7981736972704715,2,0.10209429280397023,1,1,7,1,236123,151701,15429,120624,9665,5407,151125,576,84422
전북,정읍시,2007,대통령,진보정당,보수정당,1,0.847643461609735,2,0.07466489591698067,1,1,7,1,97592,65233,4835,54890,3058,1973,64756,477,32359
전북,남원시,2007,대통령,진보정당,보수정당,1,0.8603675182333048,2,0.06720857270912277,1,1,7,1,69951,49456,3299,42232,1926,1629,49086,370,20495
전북,김제시,2007,대통령,진보정당,보수정당,1,0.8462330593405785,2,0.0781522958386201,1,1,7,1,79810,54726,4250,46019,2437,1675,54381,345,25084
전북,완주군,2007,대통령,진보정당,보수정당,1,0.8224481990595964,2,0.0787419289522824,1,1,7,1,65917,44710,3500,36557,2842,1550,44449,261,21207
전북,진안군,2007,대통령,진보정당,보수정당,1,0.8349160430161625,2,0.07798251682284132,1,1,7,1,22970,16059,1240,13276,769,616,15901,158,6911
전북,무주군,2007,대통령,진보정당,보수정당,1,0.779064158224795,2,0.11308662394045896,1,1,7,1,21099,14660,1641,11305,776,789,14511,149,6439
전북,장수군,2007,대통령,진보정당,보수정당,1,0.8257376466405972,2,0.08183434056167792,1,1,7,1,19853,14224,1151,11614,698,602,14065,159,5629
전북,임실군,2007,대통령,진보정당,보수정당,1,0.8565330557001561,2,0.06642373763664758,1,1,7,1,26931,19427,1276,16454,705,775,19210,217,7504
전북,순창군,2007,대통령,진보정당,보수정당,1,0.9070606694560669,2,0.04032426778242678,1,1,7,1,25208,19324,771,17343,529,477,19120,204,5884
전북,고창군,2007,대통령,진보정당,보수정당,1,0.8520593177864914,2,0.06804445885786727,1,1,7,1,50039,34236,2308,28901,1473,1237,33919,317,15803
전북,부안군,2007,대통령,진보정당,보수정당,1,0.8162413249647469,2,0.08977797439654935,1,1,7,1,50995,36791,3247,29521,2155,1244,36167,624,14204
전남,합계,2007,대통령,진보정당,보수정당,1,0.7865277182035434,2,0.09226141947196399,1,1,7,1,1500831,971461,88834,757309,81918,34790,962851,8610,529370
전남,목포시,2007,대통령,진보정당,보수정당,1,0.8009103769499485,2,0.09242346963325089,1,1,7,1,179160,104320,9604,83225,7829,3255,103913,407,74840
전남,여수시,2007,대통령,진보정당,보수정당,1,0.7891879844125218,2,0.09698316149720317,1,1,7,1,223347,139798,13489,109765,10994,4838,139086,712,83549
전남,순천시,2007,대통령,진보정당,보수정당,1,0.7776473500546998,2,0.09723786024004025,1,1,7,1,196303,125839,12177,97384,10817,4851,125229,610,70464
전남,나주시,2007,대통령,진보정당,보수정당,1,0.8061608981082236,2,0.07613720234626889,1,1,7,1,77930,51998,3920,41506,4560,1500,51486,512,25932
전남,광양시,2007,대통령,진보정당,보수정당,1,0.6913856838803629,2,0.14423338507577332,1,1,7,1,98340,62793,9013,43204,6536,3736,62489,304,35547
전남,담양군,2007,대통령,진보정당,보수정당,1,0.8353278745888446,2,0.06907411295402058,1,1,7,1,41587,28834,1974,23872,1740,992,28578,256,12753
전남,장성군,2007,대통령,진보정당,보수정당,1,0.7996149133555049,2,0.0875196919306844,1,1,7,1,38966,29003,2500,22841,2195,1029,28565,438,9963
전남,곡성군,2007,대통령,진보정당,보수정당,1,0.8188772818402448,2,0.06579086208715838,1,1,7,1,27604,19181,1247,15521,1532,654,18954,227,8423
전남,구례군,2007,대통령,진보정당,보수정당,1,0.7824451410658307,2,0.09078369905956113,1,1,7,1,23231,16090,1448,12480,1366,656,15950,140,7141
전남,고흥군,2007,대통령,진보정당,보수정당,1,0.7815348762823002,2,0.09145742420434554,1,1,7,1,66681,44303,4003,34207,4068,1491,43769,534,22378
전남,보성군,2007,대통령,진보정당,보수정당,1,0.7445271295426631,2,0.11606820316451123,1,1,7,1,42498,28000,3213,20610,2803,1056,27682,318,14498
전남,화순군,2007,대통령,진보정당,보수정당,1,0.7944099378881988,2,0.07430830039525692,1,1,7,1,55659,35684,2632,28138,3389,1261,35420,264,19975
전남,장흥군,2007,대통령,진보정당,보수정당,1,0.7590797168359495,2,0.08525700215450908,1,1,7,1,35526,26481,2216,19730,3060,986,25992,489,9045
전남,강진군,2007,대통령,진보정당,보수정당,1,0.757488452919925,2,0.1035807380985046,1,1,7,1,33693,22087,2265,16564,2062,976,21867,220,11606
전남,완도군,2007,대통령,진보정당,보수정당,1,0.8169869560888181,2,0.07076238839656145,1,1,7,1,46449,30496,2132,24615,2405,977,30129,367,15953
전남,해남군,2007,대통령,진보정당,보수정당,1,0.7876149766130296,2,0.0791128617147461,1,1,7,1,67227,45542,3535,35193,4468,1487,44683,859,21685
전남,진도군,2007,대통령,진보정당,보수정당,1,0.8145243594564108,2,0.08583552666917334,1,1,7,1,29034,18856,1598,15164,1241,614,18617,239,10178
전남,영암군,2007,대통령,진보정당,보수정당,1,0.7797513321492007,2,0.09788470854190215,1,1,7,1,47590,31323,3031,24145,2822,967,30965,358,16267
전남,무안군,2007,대통령,진보정당,보수정당,1,0.811436161996849,2,0.08350066417472429,1,1,7,1,51219,32718,2703,26267,2474,927,32371,347,18501
전남,영광군,2007,대통령,진보정당,보수정당,1,0.8106968695925751,2,0.07758376592732422,1,1,7,1,47268,32207,2466,25768,2347,1204,31785,422,15061
전남,함평군,2007,대통령,진보정당,보수정당,1,0.8227981651376147,2,0.07536697247706423,1,1,7,1,31915,22101,1643,17937,1572,648,21800,301,9814
전남,신안군,2007,대통령,진보정당,보수정당,1,0.8151439139492368,2,0.08609327834700906,1,1,7,1,39604,23807,2025,19173,1638,685,23521,286,15797
경북,합계,2007,대통령,보수정당,무소속,2,0.7258528072155859,11,0.13726208728567496,1,1,7,1,2097394,1437209,1033957,96822,98167,195526,1424472,12737,660185
경북,포항시북구,2007,대통령,보수정당,무소속,2,0.8437026988433528,11,0.05813936884192489,1,1,7,1,191990,140685,118169,6757,6991,8143,140060,625,51305
경북,포항시남구,2007,대통령,보수정당,무소속,2,0.8003752621316361,11,0.07177072219565138,1,1,7,1,193356,136640,108775,8910,8466,9754,135905,735,56716
경북,울릉군,2007,대통령,보수정당,무소속,2,0.7495252891420681,11,0.10150181253236665,1,1,7,1,8561,5834,4342,554,309,588,5793,41,2727
경북,경주시,2007,대통령,보수정당,무소속,2,0.7451267325639185,11,0.11152603677729306,1,1,7,1,211623,145887,107948,8968,11799,16157,144872,1015,65736
경북,김천시,2007,대통령,보수정당,무소속,2,0.6854726863883017,11,0.1835404688488831,1,1,7,1,109767,74936,50908,4707,5021,13631,74267,669,34831
경북,안동시,2007,대통령,보수정당,무소속,2,0.6714882278523527,11,0.17749465411269466,1,1,7,1,133566,90343,59978,6599,6890,15854,89321,1022,43223
경북,구미시,2007,대통령,보수정당,무소속,2,0.6687891039159258,11,0.17578557364061098,1,1,7,1,280481,172422,114803,12743,13937,30175,171658,764,108059
경북,영주시,2007,대통령,보수정당,무소속,2,0.6822744065834747,11,0.1695656999698733,1,1,7,1,91618,63686,43029,4704,4640,10694,63067,619,27932
경북,영천시,2007,대통령,보수정당,무소속,2,0.7377412580419347,11,0.12210407013567119,1,1,7,1,86531,60974,44263,4348,4061,7326,59998,976,25557
경북,상주시,2007,대통령,보수정당,무소속,2,0.7133832059588632,11,0.1536249212324894,1,1,7,1,87304,62722,44152,4321,3910,9508,61891,831,24582
경북,문경시,2007,대통령,보수정당,무소속,2,0.7248837536987459,11,0.15527687755389602,1,1,7,1,61373,43068,30867,2834,2269,6612,42582,486,18305
경북,예천군,2007,대통령,보수정당,무소속,2,0.6964571350781064,11,0.16247490045264268,1,1,7,1,41837,29903,20464,2282,1863,4774,29383,520,11934
경북,경산시,2007,대통령,보수정당,무소속,2,0.6778853948884243,11,0.18255749455988393,1,1,7,1,181228,117751,79438,7775,8579,21393,117185,566,63477
경북,청도군,2007,대통령,보수정당,무소속,2,0.6900972742584127,11,0.16852851201319904,1,1,7,1,39106,29630,20077,1885,2228,4903,29093,537,9476
경북,고령군,2007,대통령,보수정당,무소속,2,0.6804238706079196,11,0.17837043046189727,1,1,7,1,28742,19990,13420,1462,1323,3518,19723,267,8752
경북,성주군,2007,대통령,보수정당,무소속,2,0.7145873320537428,11,0.1614971209213052,1,1,7,1,38277,26370,18615,1691,1537,4207,26050,320,11907
경북,칠곡군,2007,대통령,보수정당,무소속,2,0.6734577737309356,11,0.17300250398361028,1,1,7,1,85733,53075,35502,4147,3947,9120,52716,359,32658
경북,군위군,2007,대통령,보수정당,무소속,2,0.748244425280276,11,0.1369348281384748,1,1,7,1,22558,16452,12147,1047,817,2223,16234,218,6106
경북,의성군,2007,대통령,보수정당,무소속,2,0.7300867350998648,11,0.13278162382960665,1,1,7,1,53346,38182,27525,2517,2653,5006,37701,481,15164
경북,청송군,2007,대통령,보수정당,무소속,2,0.7071615621086189,11,0.12040305134919731,1,1,7,1,23708,17932,12422,1571,1458,2115,17566,366,5776
경북,영양군,2007,대통령,보수정당,무소속,2,0.7111014744145707,11,0.11847354726799653,1,1,7,1,16408,11710,8199,1120,845,1366,11530,180,4698
경북,영덕군,2007,대통령,보수정당,무소속,2,0.8484904068381085,11,0.06467588686305441,1,1,7,1,36879,27649,23129,1377,990,1763,27259,390,9230
경북,봉화군,2007,대통령,보수정당,무소속,2,0.6685635042081102,11,0.16268171384850805,1,1,7,1,29972,21290,13981,1812,1717,3402,20912,378,8682
경북,울진군,2007,대통령,보수정당,무소속,2,0.7339931327004645,11,0.11088668955766512,1,1,7,1,43430,30078,21804,2691,1917,3294,29706,372,13352
경남,합계,2007,대통령,보수정당,무소속,2,0.5502155439468347,11,0.21488264104921967,1,1,7,1,2416351,1549070,843662,189463,170719,329486,1533330,15740,867281
경남,창원시,2007,대통령,보수정당,무소속,2,0.5171865040304922,11,0.2124171244964595,1,1,7,1,362408,231700,119272,29081,33277,48987,230617,1083,130708
경남,마산시,2007,대통령,보수정당,무소속,2,0.587626284514557,11,0.21790278620477113,1,1,7,1,324462,209020,122030,20557,19828,45251,207666,1354,115442
경남,진주시,2007,대통령,보수정당,무소속,2,0.5885961638029644,11,0.2187872512070896,1,1,7,1,250883,167564,97767,15332,16662,36341,166102,1462,83319
경남,진해시,2007,대통령,보수정당,무소속,2,0.5547400844202761,11,0.2142322951921005,1,1,7,1,121833,79408,43764,9834,8392,16901,78891,517,42425
경남,통영시,2007,대통령,보수정당,무소속,2,0.6107617819976735,11,0.2006004967459993,1,1,7,1,104365,64408,38853,6610,5390,12761,63614,794,39957
경남,고성군,2007,대통령,보수정당,무소속,2,0.5739005046863734,11,0.22731486249871252,1,1,7,1,45808,29676,16716,3268,2522,6621,29127,549,16132
경남,사천시,2007,대통령,보수정당,무소속,2,0.5575307331741399,11,0.24124878393915275,1,1,7,1,88020,57258,31520,5945,5431,13639,56535,723,30762
경남,김해시,2007,대통령,보수정당,무소속,2,0.48571355472547717,11,0.22998004400552627,1,1,7,1,328602,196486,94923,33010,22552,44945,195430,1056,132116
경남,밀양시,2007,대통령,보수정당,무소속,2,0.5582213526918258,11,0.23360620570114468,1,1,7,1,90039,59131,32527,7002,5128,13612,58269,862,30908
경남,거제시,2007,대통령,보수정당,무소속,2,0.5191974858808526,11,0.16974858808526144,1,1,7,1,150738,88567,45598,13614,13704,14908,87824,743,62171
경남,의령군,2007,대통령,보수정당,무소속,2,0.535815643092292,11,0.25383130888863664,1,1,7,1,25869,18150,9440,1849,1857,4472,17618,532,7719
경남,함안군,2007,대통령,보수정당,무소속,2,0.5420126203918963,11,0.22630908889626924,1,1,7,1,51439,36737,19584,3930,4441,8177,36132,605,14702
경남,창녕군,2007,대통령,보수정당,무소속,2,0.5517800734226928,11,0.23384273883718945,1,1,7,1,51627,35815,19389,3698,3835,8217,35139,676,15812
경남,양산시,2007,대통령,보수정당,무소속,2,0.5541260688009545,11,0.19762378206402864,1,1,7,1,168925,101284,55734,14220,10749,19877,100580,704,67641
경남,하동군,2007,대통령,보수정당,무소속,2,0.5210341951626355,11,0.20417014178482068,1,1,7,1,45826,30695,15618,5097,3140,6120,29975,720,15131
경남,남해군,2007,대통령,보수정당,무소속,2,0.5346551205322813,11,0.21749306228894313,1,1,7,1,45169,30603,15991,4709,2704,6505,29909,694,14566
경남,함양군,2007,대통령,보수정당,무소속,2,0.5699187987105725,11,0.1956175786509977,1,1,7,1,33470,25093,13967,3200,2546,4794,24507,586,8377
경남,산청군,2007,대통령,보수정당,무소속,2,0.5940108716754028,11,0.19593282857697533,1,1,7,1,30086,21140,12239,2055,2273,4037,20604,536,8946
경남,거창군,2007,대통령,보수정당,무소속,2,0.5862577845990378,11,0.206074200879549,1,1,7,1,50823,34594,19863,3637,3399,6982,33881,713,16229
경남,합천군,2007,대통령,보수정당,무소속,2,0.6103849886768036,11,0.20507926237463603,1,1,7,1,45959,31741,18867,2815,2889,6339,30910,831,14218
제주,합계,2007,대통령,보수정당,진보정당,2,0.38671940750715367,1,0.3269050424411475,1,1,7,1,414022,252111,96495,81570,33962,37495,249522,2589,161911
제주,제주시,2007,대통령,보수정당,진보정당,2,0.39139996882029354,1,0.3162401728246587,1,1,7,1,296325,181304,70297,56798,24685,27824,179604,1700,115021
제주,서귀포시,2007,대통령,보수정당,진보정당,2,0.3746960725421208,1,0.3543007523098487,1,1,7,1,117697,70807,26198,24772,9277,9671,69918,889,46890
