지역,구시군,선거년도,선거종류,득표_1위_정당,득표_2위_정당,득표_1위_후보번호,득표_1위_득표율,득표_2위_후보번호,득표_2위_득표율,보수정당_후보자수,진보정당_후보자수,그외정당_후보자수,무소속_후보자수,선거인수,투표수,보수정당,진보정당,그외정당,무소속,득표수_계,무효투표수,기권수
전국,합계,2002,대통령,진보정당,보수정당,2,0.4891425001209189,1,0.46589594231980924,1,1,4,0,34991529,24784963,11443297,12014277,1104342,0,24561916,223047,10206566
서울,합계,2002,대통령,진보정당,보수정당,2,0.5130349247518824,1,0.4495555649440943,1,1,4,0,7670682,5475715,2447376,2792957,203657,0,5443990,31725,2194967
서울,종로구,2002,대통령,진보정당,보수정당,2,0.5030035922359405,1,0.46186896891759993,1,1,4,0,140105,99988,45901,49989,3491,0,99381,607,40117
서울,중구,2002,대통령,진보정당,보수정당,2,0.5247394462575008,1,0.4436256448047163,1,1,4,0,108936,76499,33712,39876,2404,0,75992,507,32437
서울,용산구,2002,대통령,진보정당,보수정당,2,0.48351985644803325,1,0.4828272811698226,1,1,4,0,184276,127810,61349,61437,4276,0,127062,748,56466
서울,성동구,2002,대통령,진보정당,보수정당,2,0.5364150460732927,1,0.4296654311513152,1,1,4,0,259347,184926,78942,98555,6232,0,183729,1197,74421
서울,광진구,2002,대통령,진보정당,보수정당,2,0.53420185860487,1,0.4305718935027252,1,1,4,0,289184,205052,87847,108990,7187,0,204024,1028,84132
서울,동대문구,2002,대통령,진보정당,보수정당,2,0.5217255166433836,1,0.44071487065850956,1,1,4,0,294608,208980,91488,108305,7797,0,207590,1390,85628
서울,중랑구,2002,대통령,진보정당,보수정당,2,0.526477925444554,1,0.43447323798616844,1,1,4,0,327719,226747,97879,118606,8797,0,225282,1465,100972
서울,성북구,2002,대통령,진보정당,보수정당,2,0.5347520782557962,1,0.4271255312017677,1,1,4,0,342157,243220,103223,129233,9213,0,241669,1551,98937
서울,강북구,2002,대통령,진보정당,보수정당,2,0.5609664516330904,1,0.39935229175032466,1,1,4,0,276981,193039,76577,107567,7609,0,191753,1286,83942
서울,도봉구,2002,대통령,진보정당,보수정당,2,0.5080715351458885,1,0.45030151690981435,1,1,4,0,269311,194110,86919,98070,8035,0,193024,1086,75201
서울,노원구,2002,대통령,진보정당,보수정당,2,0.5077886594280037,1,0.4484718378161001,1,1,4,0,460763,340150,151666,171726,14792,0,338184,1966,120613
서울,은평구,2002,대통령,진보정당,보수정당,2,0.5369882945330892,1,0.42569644258435785,1,1,4,0,352955,246107,104156,131386,9130,0,244672,1435,106848
서울,서대문구,2002,대통령,진보정당,보수정당,2,0.5368666284304718,1,0.4261728445191122,1,1,4,0,277263,198125,83965,105774,7282,0,197021,1104,79138
서울,마포구,2002,대통령,진보정당,보수정당,2,0.5218615216656957,1,0.4401041794157532,1,1,4,0,289944,205497,89897,106597,7769,0,204263,1234,84447
서울,양천구,2002,대통령,진보정당,보수정당,2,0.510722754510206,1,0.4528871727497036,1,1,4,0,347475,250819,113066,127505,9085,0,249656,1163,96656
서울,강서구,2002,대통령,진보정당,보수정당,2,0.5172560559473403,1,0.44280881478817946,1,1,4,0,387875,274071,120684,140974,10884,0,272542,1529,113804
서울,구로구,2002,대통령,진보정당,보수정당,2,0.528323252657973,1,0.4303354932640718,1,1,4,0,310599,223948,95766,117572,9200,0,222538,1410,86651
서울,금천구,2002,대통령,진보정당,보수정당,2,0.5576846992781481,1,0.4003403975783997,1,1,4,0,193706,134758,53630,74708,5623,0,133961,797,58948
서울,영등포구,2002,대통령,진보정당,보수정당,2,0.509926046605283,1,0.4530835270643797,1,1,4,0,309762,219866,99006,111427,8083,0,218516,1350,89896
서울,동작구,2002,대통령,진보정당,보수정당,2,0.5336901094231382,1,0.4285739580013457,1,1,4,0,311093,227072,96820,120567,8525,0,225912,1160,84021
서울,관악구,2002,대통령,진보정당,보수정당,2,0.5840447956488912,1,0.37181208512266534,1,1,4,0,408260,295213,108832,170954,12921,0,292707,2506,113047
서울,서초구,2002,대통령,보수정당,진보정당,1,0.5583473751826992,2,0.4125464311980413,1,1,4,0,296266,215740,119952,88629,6253,0,214834,906,80526
서울,강남구,2002,대통령,보수정당,진보정당,1,0.5748364459852382,2,0.3963004641019906,1,1,4,0,404458,287372,164486,113399,8259,0,286144,1228,117086
서울,송파구,2002,대통령,진보정당,보수정당,2,0.4847781864388009,1,0.4818492332262784,1,1,4,0,475764,344824,165335,166340,11451,0,343126,1698,130940
서울,강동구,2002,대통령,진보정당,보수정당,2,0.49827082201846584,1,0.4643541739880515,1,1,4,0,351875,251782,116278,124771,9359,0,250408,1374,100093
부산,합계,2002,대통령,보수정당,진보정당,1,0.6674514611549581,2,0.2985872175666665,1,1,4,0,2786142,1983492,1314274,587946,66873,0,1969093,14399,802650
부산,중구,2002,대통령,보수정당,진보정당,1,0.7053490773002968,2,0.2668408826945412,1,1,4,0,44710,31231,21863,8271,862,0,30996,235,13479
부산,서구,2002,대통령,보수정당,진보정당,1,0.6998070106837876,2,0.27027333846289686,1,1,4,0,116112,80008,55480,21427,2372,0,79279,729,36104
부산,동구,2002,대통령,보수정당,진보정당,1,0.703402443157538,2,0.2638551198738635,1,1,4,0,96432,68419,47735,17906,2222,0,67863,556,28013
부산,영도구,2002,대통령,보수정당,진보정당,1,0.6365809340457289,2,0.3291656752255078,1,1,4,0,135430,93262,58857,30434,3167,0,92458,804,42168
부산,부산진구,2002,대통령,보수정당,진보정당,1,0.6753863776391263,2,0.2916077301561131,1,1,4,0,320389,232305,155659,67208,7607,0,230474,1831,88084
부산,동래구,2002,대통령,보수정당,진보정당,1,0.6968317737998373,2,0.2701001830756713,1,1,4,0,217906,158362,109620,42490,5202,0,157312,1050,59544
부산,남구,2002,대통령,보수정당,진보정당,1,0.6761021968845929,2,0.28952980542222595,1,1,4,0,232159,167543,112546,48196,5721,0,166463,1080,64616
부산,북구,2002,대통령,보수정당,진보정당,1,0.6258199316196024,2,0.33784981638596934,1,1,4,0,223961,159046,98842,53360,5738,0,157940,1106,64915
부산,해운대구,2002,대통령,보수정당,진보정당,1,0.6615108037350126,2,0.3042188351908521,1,1,4,0,289413,204777,134675,61935,6977,0,203587,1190,84636
부산,기장군,2002,대통령,보수정당,진보정당,1,0.6506498422712934,2,0.3066750788643533,1,1,4,0,56676,40095,25782,12152,1691,0,39625,470,16581
부산,사하구,2002,대통령,보수정당,진보정당,1,0.6590372388737511,2,0.3066043856234592,1,1,4,0,275788,193956,126980,59075,6620,0,192675,1281,81832
부산,금정구,2002,대통령,보수정당,진보정당,1,0.681540956797984,2,0.28132916906826805,1,1,4,0,208628,150296,101690,41976,5540,0,149206,1090,58332
부산,강서구,2002,대통령,보수정당,진보정당,1,0.6302572743179314,2,0.3428488108353315,1,1,4,0,45479,31242,19451,10581,830,0,30862,380,14237
부산,연제구,2002,대통령,보수정당,진보정당,1,0.6805952189956682,2,0.2846221723086796,1,1,4,0,172800,125394,84843,35481,4336,0,124660,734,47406
부산,수영구,2002,대통령,보수정당,진보정당,1,0.6968831859855926,2,0.2730333169613621,1,1,4,0,137570,98422,68105,26683,2940,0,97728,694,39148
부산,사상구,2002,대통령,보수정당,진보정당,1,0.6227553813401818,2,0.34312844253708646,1,1,4,0,212689,149134,92146,50771,5048,0,147965,1169,63555
대구,합계,2002,대통령,보수정당,진보정당,1,0.7775289023507478,2,0.18678199934983772,1,1,4,0,1827162,1299968,1002164,240745,46000,0,1288909,11059,527194
대구,중구,2002,대통령,보수정당,진보정당,1,0.8042176676134623,2,0.1677462860412367,1,1,4,0,69850,49366,39356,8209,1372,0,48937,429,20484
대구,동구,2002,대통령,보수정당,진보정당,1,0.7652026154296572,2,0.1983558844296974,1,1,4,0,250266,175876,133296,34553,6348,0,174197,1679,74390
대구,서구,2002,대통령,보수정당,진보정당,1,0.7869604544303339,2,0.17884149209450415,1,1,4,0,205066,139670,108754,24715,4726,0,138195,1475,65396
대구,남구,2002,대통령,보수정당,진보정당,1,0.7906733810964494,2,0.17800794299961567,1,1,4,0,147500,102312,80232,18063,3178,0,101473,839,45188
대구,북구,2002,대통령,보수정당,진보정당,1,0.7671922716205665,2,0.19596764133814432,1,1,4,0,305481,218258,166058,42417,7974,0,216449,1809,87223
대구,수성구,2002,대통령,보수정당,진보정당,1,0.7938585785919522,2,0.1742224734401295,1,1,4,0,319947,235138,185389,40686,7454,0,233529,1609,84809
대구,달서구,2002,대통령,보수정당,진보정당,1,0.7753155567734842,2,0.1881142788395665,1,1,4,0,419981,301472,232000,56290,10943,0,299233,2239,118509
대구,달성군,2002,대통령,보수정당,진보정당,1,0.7422882854764877,2,0.20562838119017895,1,1,4,0,109071,77876,57079,15812,4005,0,76896,980,31195
인천,합계,2002,대통령,진보정당,보수정당,2,0.49825543892570223,1,0.4456734559575702,1,1,4,0,1824905,1236447,547205,611766,68845,0,1227816,8631,588458
인천,중구,2002,대통령,보수정당,진보정당,1,0.504885229670931,2,0.444594981892082,1,1,4,0,58935,38745,19378,17064,1939,0,38381,364,20190
인천,동구,2002,대통령,보수정당,진보정당,1,0.4770594369134515,2,0.45755995828988527,1,1,4,0,56412,38745,18300,17552,2508,0,38360,385,17667
인천,남구,2002,대통령,진보정당,보수정당,2,0.4743819419562881,1,0.47145901299289067,1,1,4,0,322437,213623,100004,100624,11488,0,212116,1507,108814
인천,연수구,2002,대통령,보수정당,진보정당,1,0.4963699765620534,2,0.44746061689982114,1,1,4,0,175093,123138,60781,54792,6878,0,122451,687,51955
인천,남동구,2002,대통령,진보정당,보수정당,2,0.5140475744521446,1,0.4308755280847433,1,1,4,0,285992,193509,82816,98802,10586,0,192204,1305,92483
인천,부평구,2002,대통령,진보정당,보수정당,2,0.5195309724917461,1,0.42491409512912837,1,1,4,0,395723,269146,113642,138947,14858,0,267447,1699,126577
인천,계양구,2002,대통령,진보정당,보수정당,2,0.5394651937124125,1,0.4065895774720595,1,1,4,0,228023,155807,63010,83602,8360,0,154972,835,72216
인천,서구,2002,대통령,진보정당,보수정당,2,0.5261361184786609,1,0.41134405258949985,1,1,4,0,239249,158679,64827,82918,9853,0,157598,1081,80570
인천,강화군,2002,대통령,보수정당,진보정당,1,0.5456197345961126,2,0.39851880403061507,1,1,4,0,51816,36891,19818,14475,2029,0,36322,569,14925
인천,옹진군,2002,대통령,보수정당,진보정당,1,0.5811676082862524,2,0.3753923414940364,1,1,4,0,11225,8164,4629,2990,346,0,7965,199,3061
광주,합계,2002,대통령,진보정당,보수정당,2,0.9517790411702706,1,0.035757822564331875,1,1,4,0,967222,755398,26869,715182,9365,0,751416,3982,211824
광주,동구,2002,대통령,진보정당,보수정당,2,0.9356441465279003,1,0.05194919738931028,1,1,4,0,89893,68511,3534,63650,844,0,68028,483,21382
광주,서구,2002,대통령,진보정당,보수정당,2,0.9526103160315731,1,0.03652214749745621,1,1,4,0,210335,166851,6066,158220,1805,0,166091,760,43484
광주,남구,2002,대통령,진보정당,보수정당,2,0.9539939455095863,1,0.035140262361251264,1,1,4,0,160162,124546,4353,118176,1346,0,123875,671,35616
광주,북구,2002,대통령,진보정당,보수정당,2,0.9549626400012637,1,0.03356081070407406,1,1,4,0,327178,254406,8498,241808,2906,0,253212,1194,72772
광주,광산구,2002,대통령,진보정당,보수정당,2,0.9509164824192283,1,0.031509878040082734,1,1,4,0,179654,141084,4418,133328,2464,0,140210,874,38570
대전,합계,2002,대통령,진보정당,보수정당,2,0.5509415597017822,1,0.39824078967404447,1,1,4,0,998541,675029,266760,369046,34040,0,669846,5183,323512
대전,동구,2002,대통령,진보정당,보수정당,2,0.579996187769672,1,0.3709733317160235,1,1,4,0,180038,116648,42817,66942,5659,0,115418,1230,63390
대전,중구,2002,대통령,진보정당,보수정당,2,0.5495424594540376,1,0.4032220730521735,1,1,4,0,195602,130619,52260,71224,6122,0,129606,1013,64983
대전,서구,2002,대통령,진보정당,보수정당,2,0.5292088047975857,1,0.42448428980945424,1,1,4,0,339741,232732,98176,122397,10710,0,231283,1449,107009
대전,유성구,2002,대통령,진보정당,보수정당,2,0.539455797725316,1,0.40348452580542843,1,1,4,0,124543,88854,35618,47621,5037,0,88276,578,35689
대전,대덕구,2002,대통령,진보정당,보수정당,2,0.5781898672848009,1,0.3599460399190599,1,1,4,0,158617,106176,37889,60862,6512,0,105263,913,52441
울산,합계,2002,대통령,보수정당,진보정당,1,0.5287880044714628,2,0.3527083555523955,1,1,4,0,729645,510496,267737,178584,60001,0,506322,4174,219149
울산,중구,2002,대통령,보수정당,진보정당,1,0.5772885510283826,2,0.31546836702070974,1,1,4,0,165033,113692,65005,35523,12076,0,112604,1088,51341
울산,남구,2002,대통령,보수정당,진보정당,1,0.5886389653408676,2,0.32381201743916993,1,1,4,0,237714,165268,96671,53179,14378,0,164228,1040,72446
울산,동구,2002,대통령,진보정당,보수정당,2,0.4790379622168502,1,0.3647931775449906,1,1,4,0,126714,89931,32595,42803,13954,0,89352,579,36783
울산,북구,2002,대통령,보수정당,진보정당,1,0.43206442418310753,2,0.34255395868747746,1,1,4,0,80027,58668,25163,19950,13126,0,58239,429,21359
울산,울주군,2002,대통령,보수정당,진보정당,1,0.5897874210918326,2,0.3312494658054433,1,1,4,0,120157,82937,48303,27129,6467,0,81899,1038,37220
경기,합계,2002,대통령,진보정당,보수정당,2,0.5065006171313666,1,0.4418900268153062,1,1,4,0,6944934,4831412,2120191,2430193,247622,0,4798006,33406,2113522
경기,수원시장안구,2002,대통령,진보정당,보수정당,2,0.49211984965267863,1,0.45114901512988864,1,1,4,0,239093,169112,75858,82747,9539,0,168144,968,69981
경기,수원시권선구,2002,대통령,진보정당,보수정당,2,0.4983931054385182,1,0.44594931395440357,1,1,4,0,227742,153485,67993,75989,8486,0,152468,1017,74257
경기,수원시팔달구,2002,대통령,진보정당,보수정당,2,0.4958574721235906,1,0.45470628542951474,1,1,4,0,232724,161287,72994,79600,7936,0,160530,757,71437
경기,성남시수정구,2002,대통령,진보정당,보수정당,2,0.6054556978864257,1,0.3530866322881535,1,1,4,0,193745,128770,45122,77373,5298,0,127793,977,64975
경기,성남시중원구,2002,대통령,진보정당,보수정당,2,0.6052621521009623,1,0.3507693718898342,1,1,4,0,199545,131675,45888,79181,5752,0,130821,854,67870
경기,성남시분당구,2002,대통령,보수정당,진보정당,1,0.5525364252858092,2,0.41373740374394846,1,1,4,0,284366,216289,119039,89136,7266,0,215441,848,68077
경기,의정부시,2002,대통령,진보정당,보수정당,2,0.5091932151788626,1,0.4395563770794824,1,1,4,0,268355,185088,80852,93661,9427,0,183940,1148,83267
경기,안양시만안구,2002,대통령,진보정당,보수정당,2,0.5244465761511216,1,0.4287632821723731,1,1,4,0,194921,136393,58106,71073,6341,0,135520,873,58528
경기,안양시동안구,2002,대통령,진보정당,보수정당,2,0.4921804224479092,1,0.4655807466742955,1,1,4,0,224606,168565,78117,82580,7087,0,167784,781,56041
경기,부천시원미구,2002,대통령,진보정당,보수정당,2,0.5377059584543658,1,0.41847340542387773,1,1,4,0,290907,206018,85718,110141,8976,0,204835,1183,84889
경기,부천시소사구,2002,대통령,진보정당,보수정당,2,0.5418905154680353,1,0.4125541730742346,1,1,4,0,145334,100849,41314,54266,4562,0,100142,707,44485
경기,부천시오정구,2002,대통령,진보정당,보수정당,2,0.5890548064976301,1,0.3682987437301551,1,1,4,0,132962,87492,32014,51203,3707,0,86924,568,45470
경기,광명시,2002,대통령,진보정당,보수정당,2,0.5574353330298543,1,0.3966221628069124,1,1,4,0,243034,174539,68831,96739,7973,0,173543,996,68495
경기,평택시,2002,대통령,진보정당,보수정당,2,0.47264434112177034,1,0.43973868518627507,1,1,4,0,251267,171427,74716,80307,14887,0,169910,1517,79840
경기,동두천시,2002,대통령,진보정당,보수정당,2,0.4821846041179619,1,0.46469312452468803,1,1,4,0,53897,35863,16498,17119,1886,0,35503,360,18034
경기,양주군,2002,대통령,진보정당,보수정당,2,0.5084319041801985,1,0.4387420671572863,1,1,4,0,100722,67840,29451,34129,3546,0,67126,714,32882
경기,안산시상록구,2002,대통령,진보정당,보수정당,2,0.5622601552541595,1,0.3880140012004883,1,1,4,0,225413,149235,57532,83368,7373,0,148273,962,76178
경기,안산시단원구,2002,대통령,진보정당,보수정당,2,0.5578988755209562,1,0.3858142643705276,1,1,4,0,196674,128074,49064,70948,7158,0,127170,904,68600
경기,고양시덕양구,2002,대통령,진보정당,보수정당,2,0.5103281786113832,1,0.4458754195237101,1,1,4,0,265840,187906,83298,95339,8182,0,186819,1087,77934
경기,고양시일산구,2002,대통령,보수정당,진보정당,1,0.48982876819814286,2,0.4701857589303729,1,1,4,0,307400,224032,109247,104866,8918,0,223031,1001,83368
경기,과천시,2002,대통령,보수정당,진보정당,1,0.4918252120628295,2,0.4641299403280619,1,1,4,0,48738,37518,18380,17345,1646,0,37371,147,11220
경기,의왕시,2002,대통령,진보정당,보수정당,2,0.504390787630481,1,0.4466402566690265,1,1,4,0,90699,66761,29652,33486,3251,0,66389,372,23938
경기,구리시,2002,대통령,진보정당,보수정당,2,0.5064212419337777,1,0.4489474240981699,1,1,4,0,134699,95098,42439,47872,4219,0,94530,568,39601
경기,남양주시,2002,대통령,진보정당,보수정당,2,0.5132314072673356,1,0.43980058877882117,1,1,4,0,274490,187561,81868,95537,8743,0,186148,1413,86929
경기,오산시,2002,대통령,진보정당,보수정당,2,0.5270555165144062,1,0.4086911929498015,1,1,4,0,78804,53005,21518,27750,3383,0,52651,354,25799
경기,화성시,2002,대통령,진보정당,보수정당,2,0.4884438165415478,1,0.4371219886054092,1,1,4,0,163300,109459,47339,52897,8061,0,108297,1162,53841
경기,시흥시,2002,대통령,진보정당,보수정당,2,0.5597996283221123,1,0.38962517120975365,1,1,4,0,233569,156494,60591,87055,7865,0,155511,983,77075
경기,군포시,2002,대통령,진보정당,보수정당,2,0.5077851246939463,1,0.4404606565308546,1,1,4,0,186350,137085,60085,69269,7060,0,136414,671,49265
경기,하남시,2002,대통령,진보정당,보수정당,2,0.4932960980050299,1,0.46674278308364064,1,1,4,0,93695,65222,30251,31972,2590,0,64813,409,28473
경기,파주시,2002,대통령,보수정당,진보정당,1,0.4845414007169712,2,0.46529684357786133,1,1,4,0,170617,115616,55417,53216,5737,0,114370,1246,55001
경기,이천시,2002,대통령,진보정당,보수정당,2,0.4789429451862919,1,0.4553646465589691,1,1,4,0,131517,86521,39012,41032,5628,0,85672,849,44996
경기,용인시,2002,대통령,보수정당,진보정당,1,0.48569250752514215,2,0.4694522007637922,1,1,4,0,367075,258702,124890,120714,11534,0,257138,1564,108373
경기,안성시,2002,대통령,진보정당,보수정당,2,0.4946946277884535,1,0.43458100091904084,1,1,4,0,107571,72616,31209,35526,5079,0,71814,802,34955
경기,김포시,2002,대통령,진보정당,보수정당,2,0.4801331171239918,1,0.4720358653142984,1,1,4,0,136023,95124,44538,45302,4513,0,94353,771,40899
경기,여주군,2002,대통령,보수정당,진보정당,1,0.49390231927888295,2,0.4441193220871546,1,1,4,0,76526,51638,25150,22615,3156,0,50921,717,24888
경기,광주시,2002,대통령,진보정당,보수정당,2,0.5101144294469834,1,0.4479162976346524,1,1,4,0,123506,85384,37930,43197,3554,0,84681,703,38122
경기,포천군,2002,대통령,진보정당,보수정당,2,0.4738351458019819,1,0.38814276384905877,1,1,4,0,105416,71254,27340,33376,9722,0,70438,816,34162
경기,연천군,2002,대통령,진보정당,보수정당,2,0.4687800547458756,1,0.41736332026337203,1,1,4,0,38159,27394,11283,12673,3078,0,27034,360,10765
경기,양평군,2002,대통령,보수정당,진보정당,1,0.5625652193639127,2,0.38639353931309833,1,1,4,0,63316,44851,24799,17033,2250,0,44082,769,18465
경기,가평군,2002,대통령,보수정당,진보정당,1,0.5005731238621806,2,0.4234711078147124,1,1,4,0,42317,30170,14848,12561,2253,0,29662,508,12147
강원,합계,2002,대통령,보수정당,진보정당,1,0.5248205290869364,2,0.4151351946490995,1,1,4,0,1131168,773560,400405,316722,45810,0,762937,10623,357608
강원,춘천시,2002,대통령,보수정당,진보정당,1,0.5099292525865287,2,0.43025702511493474,1,1,4,0,183483,127404,64221,54187,7533,0,125941,1463,56079
강원,원주시,2002,대통령,보수정당,진보정당,1,0.4849589095400003,2,0.44483662921005684,1,1,4,0,196592,132543,63614,58351,9209,0,131174,1369,64049
강원,강릉시,2002,대통령,보수정당,진보정당,1,0.6000213350401365,2,0.3531571414602057,1,1,4,0,169672,113778,67497,39727,5267,0,112491,1287,55894
강원,동해시,2002,대통령,보수정당,진보정당,1,0.6014387607038483,2,0.34720320451247677,1,1,4,0,75071,49535,29429,16989,2513,0,48931,604,25536
강원,삼척시,2002,대통령,보수정당,진보정당,1,0.6150658759893805,2,0.3334243108453465,1,1,4,0,59109,41110,24789,13438,2076,0,40303,807,17999
강원,태백시,2002,대통령,보수정당,진보정당,1,0.5851463972269342,2,0.358470388671731,1,1,4,0,41781,27434,15868,9721,1529,0,27118,316,14347
강원,정선군,2002,대통령,보수정당,진보정당,1,0.5321331549284353,2,0.4057900498722783,1,1,4,0,36635,25218,13124,10008,1531,0,24663,555,11417
강원,속초시,2002,대통령,보수정당,진보정당,1,0.5483814784404468,2,0.4067079694458958,1,1,4,0,64321,40547,22040,16346,1805,0,40191,356,23774
강원,고성군,2002,대통령,보수정당,진보정당,1,0.5206879222737171,2,0.4298955832263108,1,1,4,0,26047,18184,9325,7699,885,0,17909,275,7863
강원,양양군,2002,대통령,보수정당,진보정당,1,0.5262268364821633,2,0.4208366028852538,1,1,4,0,23295,16857,8718,6972,877,0,16567,290,6438
강원,인제군,2002,대통령,진보정당,보수정당,2,0.48239415711656075,1,0.4556736535835164,1,1,4,0,23722,17207,7674,8124,1043,0,16841,366,6515
강원,홍천군,2002,대통령,진보정당,보수정당,2,0.4718188663009573,1,0.4605517909002904,1,1,4,0,54336,37924,17127,17546,2515,0,37188,736,16412
강원,횡성군,2002,대통령,진보정당,보수정당,2,0.4857896873731222,1,0.4310596833130329,1,1,4,0,34856,25121,10617,11965,2048,0,24630,491,9735
강원,영월군,2002,대통령,보수정당,진보정당,1,0.4962818329109717,2,0.43857754143990696,1,1,4,0,35376,24563,11946,10557,1568,0,24071,492,10813
강원,평창군,2002,대통령,보수정당,진보정당,1,0.48063617954775567,2,0.4417397907526156,1,1,4,0,35044,24160,11393,10471,1840,0,23704,456,10884
강원,화천군,2002,대통령,진보정당,보수정당,2,0.4764972011348823,1,0.45333946783222145,1,1,4,0,18035,13245,5912,6214,915,0,13041,204,4790
강원,양구군,2002,대통령,진보정당,보수정당,2,0.4892591339648173,1,0.4422361299052774,1,1,4,0,16532,12048,5229,5785,810,0,11824,224,4484
강원,철원군,2002,대통령,진보정당,보수정당,2,0.4790132827324478,1,0.45092979127134725,1,1,4,0,37261,26682,11882,12622,1846,0,26350,332,10579
충북,합계,2002,대통령,진보정당,보수정당,2,0.5041949247202694,1,0.4289303631464418,1,1,4,0,1079642,734385,311044,365623,48495,0,725162,9223,345257
충북,청주시상당구,2002,대통령,진보정당,보수정당,2,0.46986886960913404,1,0.4690571959380242,1,1,4,0,167037,111910,52010,52100,6772,0,110882,1028,55127
충북,청주시흥덕구,2002,대통령,진보정당,보수정당,2,0.48767767603102363,1,0.44336605070278373,1,1,4,0,249297,165301,72771,80044,11318,0,164133,1168,83996
충북,충주시,2002,대통령,진보정당,보수정당,2,0.5121226250145705,1,0.42899327815984767,1,1,4,0,153863,104128,44164,52722,6062,0,102948,1180,49735
충북,제천시,2002,대통령,보수정당,진보정당,1,0.4804984054412553,2,0.4512742358818051,1,1,4,0,105123,71831,34051,31980,4835,0,70866,965,33292
충북,단양군,2002,대통령,진보정당,보수정당,2,0.46412430812979233,1,0.46194079114406134,1,1,4,0,28891,20084,9097,9140,1456,0,19693,391,8807
충북,청원군,2002,대통령,진보정당,보수정당,2,0.5496770868563882,1,0.38477396079947174,1,1,4,0,92246,63086,23891,34130,4070,0,62091,995,29160
충북,영동군,2002,대통령,진보정당,보수정당,2,0.4776831233759826,1,0.45347498602111636,1,1,4,0,43368,30997,13787,14523,2093,0,30403,594,12371
충북,보은군,2002,대통령,진보정당,보수정당,2,0.5732509556405013,1,0.3582540670281803,1,1,4,0,31883,22953,8060,12897,1541,0,22498,455,8930
충북,옥천군,2002,대통령,진보정당,보수정당,2,0.585761943727576,1,0.3409706048970857,1,1,4,0,45231,32392,10834,18612,2328,0,31774,618,12839
충북,음성군,2002,대통령,진보정당,보수정당,2,0.5373359409976672,1,0.3926812601616438,1,1,4,0,63326,43092,16665,22804,2970,0,42439,653,20234
충북,진천군,2002,대통령,진보정당,보수정당,2,0.5628825538534374,1,0.35788441378377467,1,1,4,0,43617,30023,10583,16645,2343,0,29571,452,13594
충북,괴산군,2002,대통령,진보정당,보수정당,2,0.5288928797802662,1,0.3996144094654553,1,1,4,0,55760,38588,15131,20026,2707,0,37864,724,17172
충남,합계,2002,대통령,진보정당,보수정당,2,0.5215669507527879,1,0.41229124945868295,1,1,4,0,1398762,922882,375110,474531,60177,0,909818,13064,475880
충남,천안시,2002,대통령,진보정당,보수정당,2,0.5037273368714913,1,0.42342342342342343,1,1,4,0,302795,197308,82814,98520,14248,0,195582,1726,105487
충남,공주시,2002,대통령,진보정당,보수정당,2,0.5473137075940163,1,0.39495382330646783,1,1,4,0,98643,65745,25531,35380,3732,0,64643,1102,32898
충남,보령시,2002,대통령,진보정당,보수정당,2,0.5175727723872305,1,0.4161358417894971,1,1,4,0,84853,54919,22473,27951,3580,0,54004,915,29934
충남,아산시,2002,대통령,진보정당,보수정당,2,0.5074290013165319,1,0.3945834116983261,1,1,4,0,138120,86101,33568,43168,8336,0,85072,1029,52019
충남,금산군,2002,대통령,진보정당,보수정당,2,0.6087149844375278,1,0.3385949310804802,1,1,4,0,48278,32135,10661,19166,1659,0,31486,649,16143
충남,연기군,2002,대통령,진보정당,보수정당,2,0.5799810341385506,1,0.35917847873827113,1,1,4,0,60942,40618,14393,23241,2438,0,40072,546,20324
충남,논산시,2002,대통령,진보정당,보수정당,2,0.6118336321624284,1,0.33108159296951944,1,1,4,0,122088,80247,26221,48456,4521,0,79198,1049,41841
충남,부여군,2002,대통령,진보정당,보수정당,2,0.6064072223683057,1,0.324853186081164,1,1,4,0,67869,46419,14825,27674,3137,0,45636,783,21450
충남,서천군,2002,대통령,진보정당,보수정당,2,0.5993850507469185,1,0.34733748741530845,1,1,4,0,55153,37366,12765,22028,1958,0,36751,615,17787
충남,홍성군,2002,대통령,보수정당,진보정당,1,0.49217939854821985,2,0.4530331835464915,1,1,4,0,69334,47136,22782,20970,2536,0,46288,848,22198
충남,청양군,2002,대통령,진보정당,보수정당,2,0.4845177420905856,1,0.45562073276276566,1,1,4,0,30260,21301,9476,10077,1245,0,20798,503,8959
충남,예산군,2002,대통령,보수정당,진보정당,1,0.7198114834185873,2,0.2483859225625994,1,1,4,0,74545,53100,37572,12965,1660,0,52197,903,21445
충남,서산시,2002,대통령,진보정당,보수정당,2,0.5321875824852627,1,0.39056221955010706,1,1,4,0,106532,69213,26634,36292,5268,0,68194,1019,37319
충남,태안군,2002,대통령,진보정당,보수정당,2,0.5615277563012215,1,0.3754445647131591,1,1,4,0,50803,32933,12140,18157,2038,0,32335,598,17870
충남,당진군,2002,대통령,진보정당,보수정당,2,0.5296202355720788,1,0.4039991661165352,1,1,4,0,88547,58341,23255,30486,3821,0,57562,779,30206
전북,합계,2002,대통령,진보정당,보수정당,2,0.9158636708380735,1,0.06193970420932878,1,1,4,0,1427135,1064744,65334,966053,23413,0,1054800,9944,362391
전북,전주시완산구,2002,대통령,진보정당,보수정당,2,0.9259629842870478,1,0.059140175631788125,1,1,4,0,235457,179812,10580,165652,2665,0,178897,915,55645
전북,전주시덕진구,2002,대통령,진보정당,보수정당,2,0.9220150400042743,1,0.05918495465291784,1,1,4,0,197761,150526,8862,138057,2815,0,149734,792,47235
전북,군산시,2002,대통령,진보정당,보수정당,2,0.9096006700452849,1,0.06905583237511179,1,1,4,0,197371,141850,9729,128150,3007,0,140886,964,55521
전북,익산시,2002,대통령,진보정당,보수정당,2,0.9160434215419487,1,0.06352082829129503,1,1,4,0,234783,170715,10761,155186,3462,0,169409,1306,64068
전북,정읍시,2002,대통령,진보정당,보수정당,2,0.928129474666001,1,0.049551383944405766,1,1,4,0,104529,77016,3772,70652,1699,0,76123,893,27513
전북,남원시,2002,대통령,진보정당,보수정당,2,0.9188766996840274,1,0.057993396527851744,1,1,4,0,75135,57125,3267,51764,1303,0,56334,791,18010
전북,김제시,2002,대통령,진보정당,보수정당,2,0.9186893014700152,1,0.06113891097289124,1,1,4,0,86559,64932,3922,58933,1294,0,64149,783,21627
전북,완주군,2002,대통령,진보정당,보수정당,2,0.9083088021891454,1,0.05926862639412911,1,1,4,0,65311,48703,2859,43815,1564,0,48238,465,16608
전북,진안군,2002,대통령,진보정당,보수정당,2,0.8882444791434307,1,0.07578630381441,1,1,4,0,24052,18200,1359,15928,645,0,17932,268,5852
전북,무주군,2002,대통령,진보정당,보수정당,2,0.8606227106227107,1,0.10659340659340659,1,1,4,0,21936,16700,1746,14097,537,0,16380,320,5236
전북,장수군,2002,대통령,진보정당,보수정당,2,0.8773111301579527,1,0.06869107383372107,1,1,4,0,20891,16753,1122,14330,882,0,16334,419,4138
전북,임실군,2002,대통령,진보정당,보수정당,2,0.9014902989970944,1,0.06326741025400694,1,1,4,0,28467,21735,1350,19236,752,0,21338,397,6732
전북,순창군,2002,대통령,진보정당,보수정당,2,0.9070488387457437,1,0.05890125527265335,1,1,4,0,26037,20038,1159,17848,670,0,19677,361,5999
전북,고창군,2002,대통령,진보정당,보수정당,2,0.9160472124560523,1,0.055047714716223,1,1,4,0,54115,40466,2192,36477,1151,0,39820,646,13649
전북,부안군,2002,대통령,진보정당,보수정당,2,0.908442691344914,1,0.06710662722192723,1,1,4,0,54731,40173,2654,35928,967,0,39549,624,14558
전남,합계,2002,대통령,진보정당,보수정당,2,0.9338631446716449,1,0.04629946262823644,1,1,4,0,1521109,1161511,53074,1070506,22740,0,1146320,15191,359598
전남,목포시,2002,대통령,진보정당,보수정당,2,0.9591948578631321,1,0.0291633066883793,1,1,4,0,170799,128587,3725,122517,1487,0,127729,858,42212
전남,여수시,2002,대통령,진보정당,보수정당,2,0.9376455648971191,1,0.04248839994463268,1,1,4,0,224786,167548,7060,155802,3301,0,166163,1385,57238
전남,순천시,2002,대통령,진보정당,보수정당,2,0.9427160940829143,1,0.0410185352810929,1,1,4,0,186105,144944,5891,135391,2336,0,143618,1326,41161
전남,나주시,2002,대통령,진보정당,보수정당,2,0.9434451070485873,1,0.03698634600971095,1,1,4,0,79875,62258,2270,57903,1201,0,61374,884,17617
전남,광양시,2002,대통령,진보정당,보수정당,2,0.8777897208157723,1,0.09717704296665064,1,1,4,0,92134,71281,6871,62065,1770,0,70706,575,20853
전남,담양군,2002,대통령,진보정당,보수정당,2,0.9365034965034965,1,0.041274281274281274,1,1,4,0,41372,32649,1328,30132,715,0,32175,474,8723
전남,장성군,2002,대통령,진보정당,보수정당,2,0.9269063112009602,1,0.053572556699728345,1,1,4,0,41302,32124,1696,29344,618,0,31658,466,9178
전남,곡성군,2002,대통령,진보정당,보수정당,2,0.9176765015806112,1,0.05119423955040393,1,1,4,0,29424,23236,1166,20901,709,0,22776,460,6188
전남,구례군,2002,대통령,진보정당,보수정당,2,0.9242101986823675,1,0.05503968459822586,1,1,4,0,25099,19589,1061,17816,400,0,19277,312,5510
전남,고흥군,2002,대통령,진보정당,보수정당,2,0.9221007915184083,1,0.058546946481736986,1,1,4,0,74559,56175,3225,50793,1066,0,55084,1091,18384
전남,보성군,2002,대통령,진보정당,보수정당,2,0.9292551215749021,1,0.050144289836852485,1,1,4,0,45523,35627,1755,32523,721,0,34999,628,9896
전남,화순군,2002,대통령,진보정당,보수정당,2,0.9439029331652522,1,0.03703036715215091,1,1,4,0,59060,45061,1645,41931,847,0,44423,638,13999
전남,장흥군,2002,대통령,진보정당,보수정당,2,0.9280865145157439,1,0.048442670487497015,1,1,4,0,38425,29879,1420,27205,688,0,29313,566,8546
전남,강진군,2002,대통령,진보정당,보수정당,2,0.9128615339036403,1,0.06521497611376514,1,1,4,0,36161,27474,1761,24650,592,0,27003,471,8687
전남,완도군,2002,대통령,진보정당,보수정당,2,0.9411732900783996,1,0.039740470397404706,1,1,4,0,49063,37732,1470,34814,706,0,36990,742,11331
전남,해남군,2002,대통령,진보정당,보수정당,2,0.9362478616232656,1,0.04419311917886334,1,1,4,0,71307,53580,2325,49256,1029,0,52610,970,17727
전남,진도군,2002,대통령,진보정당,보수정당,2,0.9347130267023283,1,0.04275003288464068,1,1,4,0,31100,23326,975,21318,514,0,22807,519,7774
전남,영암군,2002,대통령,진보정당,보수정당,2,0.9085304030910037,1,0.05814813799906832,1,1,4,0,48307,37095,2122,33155,1216,0,36493,602,11212
전남,무안군,2002,대통령,진보정당,보수정당,2,0.9429455992923486,1,0.03949319665946874,1,1,4,0,51333,38995,1518,36244,675,0,38437,558,12338
전남,영광군,2002,대통령,진보정당,보수정당,2,0.9322776719797563,1,0.042261237054235255,1,1,4,0,50884,38902,1620,35737,976,0,38333,569,11982
전남,함평군,2002,대통령,진보정당,보수정당,2,0.9423813618950825,1,0.03584551637870378,1,1,4,0,33865,26052,917,24108,557,0,25582,470,7813
전남,신안군,2002,대통령,진보정당,보수정당,2,0.935036496350365,1,0.043552311435523114,1,1,4,0,40626,29397,1253,26901,616,0,28770,627,11229
경북,합계,2002,대통령,보수정당,진보정당,1,0.7346950981196686,2,0.2165308935433934,1,1,4,0,2044285,1463664,1056446,311358,70134,0,1437938,25726,580621
경북,포항시북구,2002,대통령,보수정당,진보정당,1,0.7454932654376287,2,0.20781272101466358,1,1,4,0,180122,128625,94867,26445,5942,0,127254,1371,51497
경북,포항시남구,2002,대통령,보수정당,진보정당,1,0.7098411094783248,2,0.23379714670585353,1,1,4,0,186994,132145,92745,30547,7364,0,130656,1489,54849
경북,울릉군,2002,대통령,보수정당,진보정당,1,0.7485212403656569,2,0.22477146442014698,1,1,4,0,7502,5678,4176,1254,149,0,5579,99,1824
경북,경주시,2002,대통령,보수정당,진보정당,1,0.7237375799646114,2,0.20856131754457602,1,1,4,0,211302,149108,106346,30646,9948,0,146940,2168,62194
경북,김천시,2002,대통령,보수정당,진보정당,1,0.7765998967605474,2,0.18790839387110175,1,1,4,0,110695,80907,61683,14925,2819,0,79427,1480,29788
경북,안동시,2002,대통령,보수정당,진보정당,1,0.7287854624811146,2,0.21895459123719993,1,1,4,0,136200,97141,69462,20869,4981,0,95312,1829,39059
경북,구미시,2002,대통령,보수정당,진보정당,1,0.7087,2,0.2316125,1,1,4,0,234687,161533,113392,37058,9550,0,160000,1533,73154
경북,영주시,2002,대통령,보수정당,진보정당,1,0.751680586677531,2,0.20306725256816927,1,1,4,0,95379,69933,51660,13956,3110,0,68726,1207,25446
경북,영천시,2002,대통령,보수정당,진보정당,1,0.7218920379193478,2,0.23709415983103296,1,1,4,0,89586,62230,44091,14481,2505,0,61077,1153,27356
경북,상주시,2002,대통령,보수정당,진보정당,1,0.7805987283645355,2,0.18203226186271046,1,1,4,0,92745,69896,53037,12368,2539,0,67944,1952,22849
경북,문경시,2002,대통령,보수정당,진보정당,1,0.7794777729823047,2,0.186124298662063,1,1,4,0,65025,47387,36121,8625,1594,0,46340,1047,17638
경북,예천군,2002,대통령,보수정당,진보정당,1,0.7496966387574323,2,0.20846984589248876,1,1,4,0,45147,34043,24713,6872,1379,0,32964,1079,11104
경북,경산시,2002,대통령,보수정당,진보정당,1,0.7470999611478049,2,0.2107639081608111,1,1,4,0,158136,109326,80763,22784,4555,0,108102,1224,48810
경북,청도군,2002,대통령,보수정당,진보정당,1,0.7656351070711197,2,0.1988901372008307,1,1,4,0,40967,30198,22489,5842,1042,0,29373,825,10769
경북,고령군,2002,대통령,보수정당,진보정당,1,0.7397893908079913,2,0.2216809369156579,1,1,4,0,28524,20949,15034,4505,783,0,20322,627,7575
경북,성주군,2002,대통령,보수정당,진보정당,1,0.7632348279384312,2,0.20305730689302948,1,1,4,0,39305,29109,21669,5765,957,0,28391,718,10196
경북,군위군,2002,대통령,보수정당,진보정당,1,0.7533459736783404,2,0.20566584876198973,1,1,4,0,24673,18578,13509,3688,735,0,17932,646,6095
경북,칠곡군,2002,대통령,보수정당,진보정당,1,0.7124906190467027,2,0.2349567995073797,1,1,4,0,75355,52728,37026,12210,2731,0,51967,761,22627
경북,의성군,2002,대통령,보수정당,진보정당,1,0.7439066892818141,2,0.20980970747461605,1,1,4,0,58617,44141,32017,9030,1992,0,43039,1102,14476
경북,청송군,2002,대통령,보수정당,진보정당,1,0.6835483021847855,2,0.2658594366938668,1,1,4,0,25998,19473,12984,5050,961,0,18995,478,6525
경북,영덕군,2002,대통령,보수정당,진보정당,1,0.7431425976385104,2,0.2182016348773842,1,1,4,0,39103,28390,20455,6006,1064,0,27525,865,10713
경북,영양군,2002,대통령,보수정당,진보정당,1,0.6719904648390942,2,0.2745331744139849,1,1,4,0,17449,12987,8457,3455,673,0,12585,402,4462
경북,봉화군,2002,대통령,보수정당,진보정당,1,0.7100747720102001,2,0.22457535549120455,1,1,4,0,32179,23910,16429,5196,1512,0,23137,773,8269
경북,울진군,2002,대통령,보수정당,진보정당,1,0.6789030887019301,2,0.28473698000058223,1,1,4,0,48595,35249,23321,9781,1249,0,34351,898,13346
경남,합계,2002,대통령,보수정당,진보정당,1,0.675225456521414,2,0.2708481851310863,1,1,4,0,2249044,1628033,1083564,434642,86538,0,1604744,23289,621011
경남,창원시,2002,대통령,보수정당,진보정당,1,0.6160033377060492,2,0.28919698483189116,1,1,4,0,341426,250750,153553,72089,23631,0,249273,1477,90676
경남,마산시,2002,대통령,보수정당,진보정당,1,0.7300348787600227,2,0.2233164290835199,1,1,4,0,317379,229109,165980,50773,10606,0,227359,1750,88270
경남,진주시,2002,대통령,보수정당,진보정당,1,0.7499499933324443,2,0.20729430590745432,1,1,4,0,243912,182190,134973,37308,7695,0,179976,2214,61722
경남,진해시,2002,대통령,보수정당,진보정당,1,0.6763591226610678,2,0.2751521874050892,1,1,4,0,102082,76359,51220,20837,3672,0,75729,630,25723
경남,통영시,2002,대통령,보수정당,진보정당,1,0.7476853959870079,2,0.2166469356160641,1,1,4,0,98892,67060,49262,14274,2350,0,65886,1174,31832
경남,고성군,2002,대통령,보수정당,진보정당,1,0.7171569523113466,2,0.23975272550094404,1,1,4,0,47892,33658,23550,7873,1415,0,32838,820,14234
경남,사천시,2002,대통령,보수정당,진보정당,1,0.731561098699754,2,0.22776000900046608,1,1,4,0,87706,63215,45517,14171,2531,0,62219,996,24491
경남,김해시,2002,대통령,보수정당,진보정당,1,0.5634363218694013,2,0.3970884030731691,1,1,4,0,261983,183437,102524,72255,7183,0,181962,1475,78546
경남,밀양시,2002,대통령,보수정당,진보정당,1,0.6952136830380983,2,0.26827482034146566,1,1,4,0,92333,66953,45565,17583,2393,0,65541,1412,25380
경남,거제시,2002,대통령,보수정당,진보정당,1,0.5985923631656804,2,0.30377450073964496,1,1,4,0,124231,87702,51795,26285,8448,0,86528,1174,36529
경남,의령군,2002,대통령,보수정당,진보정당,1,0.7275833928389268,2,0.2279404264000816,1,1,4,0,26984,20526,14265,4469,872,0,19606,920,6458
경남,함안군,2002,대통령,보수정당,진보정당,1,0.7022031892714261,2,0.2504930410773652,1,1,4,0,49443,36278,24924,8891,1679,0,35494,784,13165
경남,창녕군,2002,대통령,보수정당,진보정당,1,0.6863998376705727,2,0.27426064018667884,1,1,4,0,54742,40488,27062,10813,1551,0,39426,1062,14254
경남,양산시,2002,대통령,보수정당,진보정당,1,0.632927181263401,2,0.3195406564407059,1,1,4,0,144970,97835,61399,30998,4611,0,97008,827,47135
경남,하동군,2002,대통령,보수정당,진보정당,1,0.6585417678484702,2,0.29783875667799903,1,1,4,0,44798,34173,21695,9812,1437,0,32944,1229,10625
경남,남해군,2002,대통령,보수정당,진보정당,1,0.7026099742678593,2,0.26020095576522484,1,1,4,0,45093,33767,22936,8494,1214,0,32644,1123,11326
경남,함양군,2002,대통령,보수정당,진보정당,1,0.7024679713903953,2,0.25956928397390555,1,1,4,0,34904,26276,17875,6605,966,0,25446,830,8628
경남,산청군,2002,대통령,보수정당,진보정당,1,0.726965811965812,2,0.21094017094017095,1,1,4,0,31969,24236,17011,4936,1453,0,23400,836,7733
경남,거창군,2002,대통령,보수정당,진보정당,1,0.7233991526101207,2,0.23729581368081648,1,1,4,0,51311,38629,27147,8905,1475,0,37527,1102,12682
경남,합천군,2002,대통령,보수정당,진보정당,1,0.7458011668336378,2,0.21424362072013672,1,1,4,0,46994,35392,25311,7271,1356,0,33938,1454,11602
제주,합계,2002,대통령,진보정당,보수정당,2,0.5605119354680342,1,0.39933685550172016,1,1,4,0,391151,268227,105744,148423,10632,0,264799,3428,122924
제주,제주시,2002,대통령,진보정당,보수정당,2,0.5462842822507099,1,0.41440466216366506,1,1,4,0,198820,136002,55892,73679,5302,0,134873,1129,62818
제주,북제주군,2002,대통령,진보정당,보수정당,2,0.5602272280536227,1,0.39990958053229547,1,1,4,0,74769,51969,20345,28501,2028,0,50874,1095,22800
제주,서귀포시,2002,대통령,진보정당,보수정당,2,0.5903484200697823,1,0.37046046488770945,1,1,4,0,61099,41151,15077,24026,1595,0,40698,453,19948
제주,남제주군,2002,대통령,진보정당,보수정당,2,0.5792616154768734,1,0.37623194451686914,1,1,4,0,56463,39105,14430,22217,1707,0,38354,751,17358
